{
 "cells": [
  {
   "cell_type": "code",
   "execution_count": 1,
   "metadata": {},
   "outputs": [],
   "source": [
    "#pip install xgboost"
   ]
  },
  {
   "cell_type": "code",
   "execution_count": 2,
   "metadata": {},
   "outputs": [],
   "source": [
    "import numpy as np\n",
    "import pandas as pd \n",
    "from sklearn.model_selection import train_test_split\n",
    "from sklearn.metrics import mean_squared_error\n",
    "from sklearn import model_selection\n",
    "from sklearn.tree import DecisionTreeRegressor\n",
    "from sklearn.neighbors import KNeighborsRegressor\n",
    "from sklearn.ensemble import RandomForestRegressor\n",
    "from sklearn.ensemble import GradientBoostingRegressor\n",
    "from sklearn import neighbors\n",
    "from sklearn.svm import SVR\n",
    "from xgboost import XGBRegressor\n",
    "from lightgbm import LGBMRegressor\n",
    "from sklearn import preprocessing\n",
    "\n",
    "from warnings import filterwarnings\n",
    "filterwarnings('ignore')"
   ]
  },
  {
   "cell_type": "code",
   "execution_count": 3,
   "metadata": {
    "_cell_guid": "79c7e3d0-c299-4dcb-8224-4455121ee9b0",
    "_uuid": "d629ff2d2480ee46fbb7e2d37f6b5fab8052498a"
   },
   "outputs": [],
   "source": [
    "df = pd.read_csv(\"Hitters.csv\")"
   ]
  },
  {
   "cell_type": "code",
   "execution_count": 4,
   "metadata": {},
   "outputs": [
    {
     "data": {
      "text/html": [
       "<div>\n",
       "<style scoped>\n",
       "    .dataframe tbody tr th:only-of-type {\n",
       "        vertical-align: middle;\n",
       "    }\n",
       "\n",
       "    .dataframe tbody tr th {\n",
       "        vertical-align: top;\n",
       "    }\n",
       "\n",
       "    .dataframe thead th {\n",
       "        text-align: right;\n",
       "    }\n",
       "</style>\n",
       "<table border=\"1\" class=\"dataframe\">\n",
       "  <thead>\n",
       "    <tr style=\"text-align: right;\">\n",
       "      <th></th>\n",
       "      <th>AtBat</th>\n",
       "      <th>Hits</th>\n",
       "      <th>HmRun</th>\n",
       "      <th>Runs</th>\n",
       "      <th>RBI</th>\n",
       "      <th>Walks</th>\n",
       "      <th>Years</th>\n",
       "      <th>CAtBat</th>\n",
       "      <th>CHits</th>\n",
       "      <th>CHmRun</th>\n",
       "      <th>CRuns</th>\n",
       "      <th>CRBI</th>\n",
       "      <th>CWalks</th>\n",
       "      <th>League</th>\n",
       "      <th>Division</th>\n",
       "      <th>PutOuts</th>\n",
       "      <th>Assists</th>\n",
       "      <th>Errors</th>\n",
       "      <th>Salary</th>\n",
       "      <th>NewLeague</th>\n",
       "    </tr>\n",
       "  </thead>\n",
       "  <tbody>\n",
       "    <tr>\n",
       "      <td>0</td>\n",
       "      <td>293</td>\n",
       "      <td>66</td>\n",
       "      <td>1</td>\n",
       "      <td>30</td>\n",
       "      <td>29</td>\n",
       "      <td>14</td>\n",
       "      <td>1</td>\n",
       "      <td>293</td>\n",
       "      <td>66</td>\n",
       "      <td>1</td>\n",
       "      <td>30</td>\n",
       "      <td>29</td>\n",
       "      <td>14</td>\n",
       "      <td>A</td>\n",
       "      <td>E</td>\n",
       "      <td>446</td>\n",
       "      <td>33</td>\n",
       "      <td>20</td>\n",
       "      <td>NaN</td>\n",
       "      <td>A</td>\n",
       "    </tr>\n",
       "    <tr>\n",
       "      <td>1</td>\n",
       "      <td>315</td>\n",
       "      <td>81</td>\n",
       "      <td>7</td>\n",
       "      <td>24</td>\n",
       "      <td>38</td>\n",
       "      <td>39</td>\n",
       "      <td>14</td>\n",
       "      <td>3449</td>\n",
       "      <td>835</td>\n",
       "      <td>69</td>\n",
       "      <td>321</td>\n",
       "      <td>414</td>\n",
       "      <td>375</td>\n",
       "      <td>N</td>\n",
       "      <td>W</td>\n",
       "      <td>632</td>\n",
       "      <td>43</td>\n",
       "      <td>10</td>\n",
       "      <td>475.0</td>\n",
       "      <td>N</td>\n",
       "    </tr>\n",
       "    <tr>\n",
       "      <td>2</td>\n",
       "      <td>479</td>\n",
       "      <td>130</td>\n",
       "      <td>18</td>\n",
       "      <td>66</td>\n",
       "      <td>72</td>\n",
       "      <td>76</td>\n",
       "      <td>3</td>\n",
       "      <td>1624</td>\n",
       "      <td>457</td>\n",
       "      <td>63</td>\n",
       "      <td>224</td>\n",
       "      <td>266</td>\n",
       "      <td>263</td>\n",
       "      <td>A</td>\n",
       "      <td>W</td>\n",
       "      <td>880</td>\n",
       "      <td>82</td>\n",
       "      <td>14</td>\n",
       "      <td>480.0</td>\n",
       "      <td>A</td>\n",
       "    </tr>\n",
       "    <tr>\n",
       "      <td>3</td>\n",
       "      <td>496</td>\n",
       "      <td>141</td>\n",
       "      <td>20</td>\n",
       "      <td>65</td>\n",
       "      <td>78</td>\n",
       "      <td>37</td>\n",
       "      <td>11</td>\n",
       "      <td>5628</td>\n",
       "      <td>1575</td>\n",
       "      <td>225</td>\n",
       "      <td>828</td>\n",
       "      <td>838</td>\n",
       "      <td>354</td>\n",
       "      <td>N</td>\n",
       "      <td>E</td>\n",
       "      <td>200</td>\n",
       "      <td>11</td>\n",
       "      <td>3</td>\n",
       "      <td>500.0</td>\n",
       "      <td>N</td>\n",
       "    </tr>\n",
       "    <tr>\n",
       "      <td>4</td>\n",
       "      <td>321</td>\n",
       "      <td>87</td>\n",
       "      <td>10</td>\n",
       "      <td>39</td>\n",
       "      <td>42</td>\n",
       "      <td>30</td>\n",
       "      <td>2</td>\n",
       "      <td>396</td>\n",
       "      <td>101</td>\n",
       "      <td>12</td>\n",
       "      <td>48</td>\n",
       "      <td>46</td>\n",
       "      <td>33</td>\n",
       "      <td>N</td>\n",
       "      <td>E</td>\n",
       "      <td>805</td>\n",
       "      <td>40</td>\n",
       "      <td>4</td>\n",
       "      <td>91.5</td>\n",
       "      <td>N</td>\n",
       "    </tr>\n",
       "  </tbody>\n",
       "</table>\n",
       "</div>"
      ],
      "text/plain": [
       "   AtBat  Hits  HmRun  Runs  RBI  Walks  Years  CAtBat  CHits  CHmRun  CRuns  \\\n",
       "0    293    66      1    30   29     14      1     293     66       1     30   \n",
       "1    315    81      7    24   38     39     14    3449    835      69    321   \n",
       "2    479   130     18    66   72     76      3    1624    457      63    224   \n",
       "3    496   141     20    65   78     37     11    5628   1575     225    828   \n",
       "4    321    87     10    39   42     30      2     396    101      12     48   \n",
       "\n",
       "   CRBI  CWalks League Division  PutOuts  Assists  Errors  Salary NewLeague  \n",
       "0    29      14      A        E      446       33      20     NaN         A  \n",
       "1   414     375      N        W      632       43      10   475.0         N  \n",
       "2   266     263      A        W      880       82      14   480.0         A  \n",
       "3   838     354      N        E      200       11       3   500.0         N  \n",
       "4    46      33      N        E      805       40       4    91.5         N  "
      ]
     },
     "execution_count": 4,
     "metadata": {},
     "output_type": "execute_result"
    }
   ],
   "source": [
    "df.head()"
   ]
  },
  {
   "cell_type": "markdown",
   "metadata": {},
   "source": [
    "# Without Preprocessing"
   ]
  },
  {
   "cell_type": "code",
   "execution_count": 5,
   "metadata": {},
   "outputs": [
    {
     "data": {
      "text/plain": [
       "(322, 20)"
      ]
     },
     "execution_count": 5,
     "metadata": {},
     "output_type": "execute_result"
    }
   ],
   "source": [
    "df.shape"
   ]
  },
  {
   "cell_type": "code",
   "execution_count": 6,
   "metadata": {},
   "outputs": [
    {
     "data": {
      "text/html": [
       "<div>\n",
       "<style scoped>\n",
       "    .dataframe tbody tr th:only-of-type {\n",
       "        vertical-align: middle;\n",
       "    }\n",
       "\n",
       "    .dataframe tbody tr th {\n",
       "        vertical-align: top;\n",
       "    }\n",
       "\n",
       "    .dataframe thead th {\n",
       "        text-align: right;\n",
       "    }\n",
       "</style>\n",
       "<table border=\"1\" class=\"dataframe\">\n",
       "  <thead>\n",
       "    <tr style=\"text-align: right;\">\n",
       "      <th></th>\n",
       "      <th>AtBat</th>\n",
       "      <th>Hits</th>\n",
       "      <th>HmRun</th>\n",
       "      <th>Runs</th>\n",
       "      <th>RBI</th>\n",
       "      <th>Walks</th>\n",
       "      <th>Years</th>\n",
       "      <th>CAtBat</th>\n",
       "      <th>CHits</th>\n",
       "      <th>CHmRun</th>\n",
       "      <th>CRuns</th>\n",
       "      <th>CRBI</th>\n",
       "      <th>CWalks</th>\n",
       "      <th>PutOuts</th>\n",
       "      <th>Assists</th>\n",
       "      <th>Errors</th>\n",
       "      <th>Salary</th>\n",
       "    </tr>\n",
       "  </thead>\n",
       "  <tbody>\n",
       "    <tr>\n",
       "      <td>AtBat</td>\n",
       "      <td>1.000000</td>\n",
       "      <td>0.967939</td>\n",
       "      <td>0.592198</td>\n",
       "      <td>0.913060</td>\n",
       "      <td>0.820539</td>\n",
       "      <td>0.669845</td>\n",
       "      <td>0.047372</td>\n",
       "      <td>0.235526</td>\n",
       "      <td>0.252717</td>\n",
       "      <td>0.236659</td>\n",
       "      <td>0.266534</td>\n",
       "      <td>0.244053</td>\n",
       "      <td>0.166123</td>\n",
       "      <td>0.317550</td>\n",
       "      <td>0.353824</td>\n",
       "      <td>0.352117</td>\n",
       "      <td>0.394771</td>\n",
       "    </tr>\n",
       "    <tr>\n",
       "      <td>Hits</td>\n",
       "      <td>0.967939</td>\n",
       "      <td>1.000000</td>\n",
       "      <td>0.562158</td>\n",
       "      <td>0.922187</td>\n",
       "      <td>0.811073</td>\n",
       "      <td>0.641211</td>\n",
       "      <td>0.044767</td>\n",
       "      <td>0.227565</td>\n",
       "      <td>0.255815</td>\n",
       "      <td>0.202712</td>\n",
       "      <td>0.261787</td>\n",
       "      <td>0.232005</td>\n",
       "      <td>0.151818</td>\n",
       "      <td>0.310673</td>\n",
       "      <td>0.320455</td>\n",
       "      <td>0.310038</td>\n",
       "      <td>0.438675</td>\n",
       "    </tr>\n",
       "    <tr>\n",
       "      <td>HmRun</td>\n",
       "      <td>0.592198</td>\n",
       "      <td>0.562158</td>\n",
       "      <td>1.000000</td>\n",
       "      <td>0.650988</td>\n",
       "      <td>0.855122</td>\n",
       "      <td>0.481014</td>\n",
       "      <td>0.116318</td>\n",
       "      <td>0.221882</td>\n",
       "      <td>0.220627</td>\n",
       "      <td>0.493227</td>\n",
       "      <td>0.262361</td>\n",
       "      <td>0.351979</td>\n",
       "      <td>0.233154</td>\n",
       "      <td>0.282923</td>\n",
       "      <td>-0.106329</td>\n",
       "      <td>0.039318</td>\n",
       "      <td>0.343028</td>\n",
       "    </tr>\n",
       "    <tr>\n",
       "      <td>Runs</td>\n",
       "      <td>0.913060</td>\n",
       "      <td>0.922187</td>\n",
       "      <td>0.650988</td>\n",
       "      <td>1.000000</td>\n",
       "      <td>0.798206</td>\n",
       "      <td>0.732213</td>\n",
       "      <td>0.004541</td>\n",
       "      <td>0.186497</td>\n",
       "      <td>0.204830</td>\n",
       "      <td>0.227913</td>\n",
       "      <td>0.250556</td>\n",
       "      <td>0.205976</td>\n",
       "      <td>0.182168</td>\n",
       "      <td>0.279347</td>\n",
       "      <td>0.220567</td>\n",
       "      <td>0.240475</td>\n",
       "      <td>0.419859</td>\n",
       "    </tr>\n",
       "    <tr>\n",
       "      <td>RBI</td>\n",
       "      <td>0.820539</td>\n",
       "      <td>0.811073</td>\n",
       "      <td>0.855122</td>\n",
       "      <td>0.798206</td>\n",
       "      <td>1.000000</td>\n",
       "      <td>0.615997</td>\n",
       "      <td>0.146168</td>\n",
       "      <td>0.294688</td>\n",
       "      <td>0.308201</td>\n",
       "      <td>0.441771</td>\n",
       "      <td>0.323285</td>\n",
       "      <td>0.393184</td>\n",
       "      <td>0.250914</td>\n",
       "      <td>0.343186</td>\n",
       "      <td>0.106591</td>\n",
       "      <td>0.193370</td>\n",
       "      <td>0.449457</td>\n",
       "    </tr>\n",
       "    <tr>\n",
       "      <td>Walks</td>\n",
       "      <td>0.669845</td>\n",
       "      <td>0.641211</td>\n",
       "      <td>0.481014</td>\n",
       "      <td>0.732213</td>\n",
       "      <td>0.615997</td>\n",
       "      <td>1.000000</td>\n",
       "      <td>0.136475</td>\n",
       "      <td>0.277175</td>\n",
       "      <td>0.280671</td>\n",
       "      <td>0.332473</td>\n",
       "      <td>0.338478</td>\n",
       "      <td>0.308631</td>\n",
       "      <td>0.424507</td>\n",
       "      <td>0.299515</td>\n",
       "      <td>0.149656</td>\n",
       "      <td>0.129382</td>\n",
       "      <td>0.443867</td>\n",
       "    </tr>\n",
       "    <tr>\n",
       "      <td>Years</td>\n",
       "      <td>0.047372</td>\n",
       "      <td>0.044767</td>\n",
       "      <td>0.116318</td>\n",
       "      <td>0.004541</td>\n",
       "      <td>0.146168</td>\n",
       "      <td>0.136475</td>\n",
       "      <td>1.000000</td>\n",
       "      <td>0.920289</td>\n",
       "      <td>0.903631</td>\n",
       "      <td>0.726872</td>\n",
       "      <td>0.882877</td>\n",
       "      <td>0.868812</td>\n",
       "      <td>0.838533</td>\n",
       "      <td>-0.004684</td>\n",
       "      <td>-0.080638</td>\n",
       "      <td>-0.162140</td>\n",
       "      <td>0.400657</td>\n",
       "    </tr>\n",
       "    <tr>\n",
       "      <td>CAtBat</td>\n",
       "      <td>0.235526</td>\n",
       "      <td>0.227565</td>\n",
       "      <td>0.221882</td>\n",
       "      <td>0.186497</td>\n",
       "      <td>0.294688</td>\n",
       "      <td>0.277175</td>\n",
       "      <td>0.920289</td>\n",
       "      <td>1.000000</td>\n",
       "      <td>0.995063</td>\n",
       "      <td>0.798836</td>\n",
       "      <td>0.983345</td>\n",
       "      <td>0.949219</td>\n",
       "      <td>0.906501</td>\n",
       "      <td>0.062283</td>\n",
       "      <td>0.002038</td>\n",
       "      <td>-0.066922</td>\n",
       "      <td>0.526135</td>\n",
       "    </tr>\n",
       "    <tr>\n",
       "      <td>CHits</td>\n",
       "      <td>0.252717</td>\n",
       "      <td>0.255815</td>\n",
       "      <td>0.220627</td>\n",
       "      <td>0.204830</td>\n",
       "      <td>0.308201</td>\n",
       "      <td>0.280671</td>\n",
       "      <td>0.903631</td>\n",
       "      <td>0.995063</td>\n",
       "      <td>1.000000</td>\n",
       "      <td>0.783306</td>\n",
       "      <td>0.984609</td>\n",
       "      <td>0.945141</td>\n",
       "      <td>0.890954</td>\n",
       "      <td>0.076547</td>\n",
       "      <td>-0.002523</td>\n",
       "      <td>-0.062756</td>\n",
       "      <td>0.548910</td>\n",
       "    </tr>\n",
       "    <tr>\n",
       "      <td>CHmRun</td>\n",
       "      <td>0.236659</td>\n",
       "      <td>0.202712</td>\n",
       "      <td>0.493227</td>\n",
       "      <td>0.227913</td>\n",
       "      <td>0.441771</td>\n",
       "      <td>0.332473</td>\n",
       "      <td>0.726872</td>\n",
       "      <td>0.798836</td>\n",
       "      <td>0.783306</td>\n",
       "      <td>1.000000</td>\n",
       "      <td>0.820243</td>\n",
       "      <td>0.929484</td>\n",
       "      <td>0.799983</td>\n",
       "      <td>0.112724</td>\n",
       "      <td>-0.158511</td>\n",
       "      <td>-0.138115</td>\n",
       "      <td>0.524931</td>\n",
       "    </tr>\n",
       "    <tr>\n",
       "      <td>CRuns</td>\n",
       "      <td>0.266534</td>\n",
       "      <td>0.261787</td>\n",
       "      <td>0.262361</td>\n",
       "      <td>0.250556</td>\n",
       "      <td>0.323285</td>\n",
       "      <td>0.338478</td>\n",
       "      <td>0.882877</td>\n",
       "      <td>0.983345</td>\n",
       "      <td>0.984609</td>\n",
       "      <td>0.820243</td>\n",
       "      <td>1.000000</td>\n",
       "      <td>0.943769</td>\n",
       "      <td>0.927807</td>\n",
       "      <td>0.064180</td>\n",
       "      <td>-0.022978</td>\n",
       "      <td>-0.084395</td>\n",
       "      <td>0.562678</td>\n",
       "    </tr>\n",
       "    <tr>\n",
       "      <td>CRBI</td>\n",
       "      <td>0.244053</td>\n",
       "      <td>0.232005</td>\n",
       "      <td>0.351979</td>\n",
       "      <td>0.205976</td>\n",
       "      <td>0.393184</td>\n",
       "      <td>0.308631</td>\n",
       "      <td>0.868812</td>\n",
       "      <td>0.949219</td>\n",
       "      <td>0.945141</td>\n",
       "      <td>0.929484</td>\n",
       "      <td>0.943769</td>\n",
       "      <td>1.000000</td>\n",
       "      <td>0.884726</td>\n",
       "      <td>0.110098</td>\n",
       "      <td>-0.079387</td>\n",
       "      <td>-0.100990</td>\n",
       "      <td>0.566966</td>\n",
       "    </tr>\n",
       "    <tr>\n",
       "      <td>CWalks</td>\n",
       "      <td>0.166123</td>\n",
       "      <td>0.151818</td>\n",
       "      <td>0.233154</td>\n",
       "      <td>0.182168</td>\n",
       "      <td>0.250914</td>\n",
       "      <td>0.424507</td>\n",
       "      <td>0.838533</td>\n",
       "      <td>0.906501</td>\n",
       "      <td>0.890954</td>\n",
       "      <td>0.799983</td>\n",
       "      <td>0.927807</td>\n",
       "      <td>0.884726</td>\n",
       "      <td>1.000000</td>\n",
       "      <td>0.058638</td>\n",
       "      <td>-0.039130</td>\n",
       "      <td>-0.118475</td>\n",
       "      <td>0.489822</td>\n",
       "    </tr>\n",
       "    <tr>\n",
       "      <td>PutOuts</td>\n",
       "      <td>0.317550</td>\n",
       "      <td>0.310673</td>\n",
       "      <td>0.282923</td>\n",
       "      <td>0.279347</td>\n",
       "      <td>0.343186</td>\n",
       "      <td>0.299515</td>\n",
       "      <td>-0.004684</td>\n",
       "      <td>0.062283</td>\n",
       "      <td>0.076547</td>\n",
       "      <td>0.112724</td>\n",
       "      <td>0.064180</td>\n",
       "      <td>0.110098</td>\n",
       "      <td>0.058638</td>\n",
       "      <td>1.000000</td>\n",
       "      <td>-0.025024</td>\n",
       "      <td>0.109972</td>\n",
       "      <td>0.300480</td>\n",
       "    </tr>\n",
       "    <tr>\n",
       "      <td>Assists</td>\n",
       "      <td>0.353824</td>\n",
       "      <td>0.320455</td>\n",
       "      <td>-0.106329</td>\n",
       "      <td>0.220567</td>\n",
       "      <td>0.106591</td>\n",
       "      <td>0.149656</td>\n",
       "      <td>-0.080638</td>\n",
       "      <td>0.002038</td>\n",
       "      <td>-0.002523</td>\n",
       "      <td>-0.158511</td>\n",
       "      <td>-0.022978</td>\n",
       "      <td>-0.079387</td>\n",
       "      <td>-0.039130</td>\n",
       "      <td>-0.025024</td>\n",
       "      <td>1.000000</td>\n",
       "      <td>0.706362</td>\n",
       "      <td>0.025436</td>\n",
       "    </tr>\n",
       "    <tr>\n",
       "      <td>Errors</td>\n",
       "      <td>0.352117</td>\n",
       "      <td>0.310038</td>\n",
       "      <td>0.039318</td>\n",
       "      <td>0.240475</td>\n",
       "      <td>0.193370</td>\n",
       "      <td>0.129382</td>\n",
       "      <td>-0.162140</td>\n",
       "      <td>-0.066922</td>\n",
       "      <td>-0.062756</td>\n",
       "      <td>-0.138115</td>\n",
       "      <td>-0.084395</td>\n",
       "      <td>-0.100990</td>\n",
       "      <td>-0.118475</td>\n",
       "      <td>0.109972</td>\n",
       "      <td>0.706362</td>\n",
       "      <td>1.000000</td>\n",
       "      <td>-0.005401</td>\n",
       "    </tr>\n",
       "    <tr>\n",
       "      <td>Salary</td>\n",
       "      <td>0.394771</td>\n",
       "      <td>0.438675</td>\n",
       "      <td>0.343028</td>\n",
       "      <td>0.419859</td>\n",
       "      <td>0.449457</td>\n",
       "      <td>0.443867</td>\n",
       "      <td>0.400657</td>\n",
       "      <td>0.526135</td>\n",
       "      <td>0.548910</td>\n",
       "      <td>0.524931</td>\n",
       "      <td>0.562678</td>\n",
       "      <td>0.566966</td>\n",
       "      <td>0.489822</td>\n",
       "      <td>0.300480</td>\n",
       "      <td>0.025436</td>\n",
       "      <td>-0.005401</td>\n",
       "      <td>1.000000</td>\n",
       "    </tr>\n",
       "  </tbody>\n",
       "</table>\n",
       "</div>"
      ],
      "text/plain": [
       "            AtBat      Hits     HmRun      Runs       RBI     Walks     Years  \\\n",
       "AtBat    1.000000  0.967939  0.592198  0.913060  0.820539  0.669845  0.047372   \n",
       "Hits     0.967939  1.000000  0.562158  0.922187  0.811073  0.641211  0.044767   \n",
       "HmRun    0.592198  0.562158  1.000000  0.650988  0.855122  0.481014  0.116318   \n",
       "Runs     0.913060  0.922187  0.650988  1.000000  0.798206  0.732213  0.004541   \n",
       "RBI      0.820539  0.811073  0.855122  0.798206  1.000000  0.615997  0.146168   \n",
       "Walks    0.669845  0.641211  0.481014  0.732213  0.615997  1.000000  0.136475   \n",
       "Years    0.047372  0.044767  0.116318  0.004541  0.146168  0.136475  1.000000   \n",
       "CAtBat   0.235526  0.227565  0.221882  0.186497  0.294688  0.277175  0.920289   \n",
       "CHits    0.252717  0.255815  0.220627  0.204830  0.308201  0.280671  0.903631   \n",
       "CHmRun   0.236659  0.202712  0.493227  0.227913  0.441771  0.332473  0.726872   \n",
       "CRuns    0.266534  0.261787  0.262361  0.250556  0.323285  0.338478  0.882877   \n",
       "CRBI     0.244053  0.232005  0.351979  0.205976  0.393184  0.308631  0.868812   \n",
       "CWalks   0.166123  0.151818  0.233154  0.182168  0.250914  0.424507  0.838533   \n",
       "PutOuts  0.317550  0.310673  0.282923  0.279347  0.343186  0.299515 -0.004684   \n",
       "Assists  0.353824  0.320455 -0.106329  0.220567  0.106591  0.149656 -0.080638   \n",
       "Errors   0.352117  0.310038  0.039318  0.240475  0.193370  0.129382 -0.162140   \n",
       "Salary   0.394771  0.438675  0.343028  0.419859  0.449457  0.443867  0.400657   \n",
       "\n",
       "           CAtBat     CHits    CHmRun     CRuns      CRBI    CWalks   PutOuts  \\\n",
       "AtBat    0.235526  0.252717  0.236659  0.266534  0.244053  0.166123  0.317550   \n",
       "Hits     0.227565  0.255815  0.202712  0.261787  0.232005  0.151818  0.310673   \n",
       "HmRun    0.221882  0.220627  0.493227  0.262361  0.351979  0.233154  0.282923   \n",
       "Runs     0.186497  0.204830  0.227913  0.250556  0.205976  0.182168  0.279347   \n",
       "RBI      0.294688  0.308201  0.441771  0.323285  0.393184  0.250914  0.343186   \n",
       "Walks    0.277175  0.280671  0.332473  0.338478  0.308631  0.424507  0.299515   \n",
       "Years    0.920289  0.903631  0.726872  0.882877  0.868812  0.838533 -0.004684   \n",
       "CAtBat   1.000000  0.995063  0.798836  0.983345  0.949219  0.906501  0.062283   \n",
       "CHits    0.995063  1.000000  0.783306  0.984609  0.945141  0.890954  0.076547   \n",
       "CHmRun   0.798836  0.783306  1.000000  0.820243  0.929484  0.799983  0.112724   \n",
       "CRuns    0.983345  0.984609  0.820243  1.000000  0.943769  0.927807  0.064180   \n",
       "CRBI     0.949219  0.945141  0.929484  0.943769  1.000000  0.884726  0.110098   \n",
       "CWalks   0.906501  0.890954  0.799983  0.927807  0.884726  1.000000  0.058638   \n",
       "PutOuts  0.062283  0.076547  0.112724  0.064180  0.110098  0.058638  1.000000   \n",
       "Assists  0.002038 -0.002523 -0.158511 -0.022978 -0.079387 -0.039130 -0.025024   \n",
       "Errors  -0.066922 -0.062756 -0.138115 -0.084395 -0.100990 -0.118475  0.109972   \n",
       "Salary   0.526135  0.548910  0.524931  0.562678  0.566966  0.489822  0.300480   \n",
       "\n",
       "          Assists    Errors    Salary  \n",
       "AtBat    0.353824  0.352117  0.394771  \n",
       "Hits     0.320455  0.310038  0.438675  \n",
       "HmRun   -0.106329  0.039318  0.343028  \n",
       "Runs     0.220567  0.240475  0.419859  \n",
       "RBI      0.106591  0.193370  0.449457  \n",
       "Walks    0.149656  0.129382  0.443867  \n",
       "Years   -0.080638 -0.162140  0.400657  \n",
       "CAtBat   0.002038 -0.066922  0.526135  \n",
       "CHits   -0.002523 -0.062756  0.548910  \n",
       "CHmRun  -0.158511 -0.138115  0.524931  \n",
       "CRuns   -0.022978 -0.084395  0.562678  \n",
       "CRBI    -0.079387 -0.100990  0.566966  \n",
       "CWalks  -0.039130 -0.118475  0.489822  \n",
       "PutOuts -0.025024  0.109972  0.300480  \n",
       "Assists  1.000000  0.706362  0.025436  \n",
       "Errors   0.706362  1.000000 -0.005401  \n",
       "Salary   0.025436 -0.005401  1.000000  "
      ]
     },
     "execution_count": 6,
     "metadata": {},
     "output_type": "execute_result"
    }
   ],
   "source": [
    "df.corr()"
   ]
  },
  {
   "cell_type": "code",
   "execution_count": 7,
   "metadata": {},
   "outputs": [],
   "source": [
    "df.drop([\"League\",\"Division\",\"NewLeague\"],axis=1,inplace=True)"
   ]
  },
  {
   "cell_type": "code",
   "execution_count": null,
   "metadata": {},
   "outputs": [],
   "source": []
  },
  {
   "cell_type": "code",
   "execution_count": 8,
   "metadata": {},
   "outputs": [
    {
     "data": {
      "text/plain": [
       "AtBat       0\n",
       "Hits        0\n",
       "HmRun       0\n",
       "Runs        0\n",
       "RBI         0\n",
       "Walks       0\n",
       "Years       0\n",
       "CAtBat      0\n",
       "CHits       0\n",
       "CHmRun      0\n",
       "CRuns       0\n",
       "CRBI        0\n",
       "CWalks      0\n",
       "PutOuts     0\n",
       "Assists     0\n",
       "Errors      0\n",
       "Salary     59\n",
       "dtype: int64"
      ]
     },
     "execution_count": 8,
     "metadata": {},
     "output_type": "execute_result"
    }
   ],
   "source": [
    "df.isnull().sum()"
   ]
  },
  {
   "cell_type": "code",
   "execution_count": null,
   "metadata": {},
   "outputs": [],
   "source": []
  },
  {
   "cell_type": "code",
   "execution_count": 9,
   "metadata": {},
   "outputs": [],
   "source": [
    "df.dropna(inplace=True)"
   ]
  },
  {
   "cell_type": "code",
   "execution_count": 10,
   "metadata": {},
   "outputs": [
    {
     "data": {
      "text/plain": [
       "AtBat      0\n",
       "Hits       0\n",
       "HmRun      0\n",
       "Runs       0\n",
       "RBI        0\n",
       "Walks      0\n",
       "Years      0\n",
       "CAtBat     0\n",
       "CHits      0\n",
       "CHmRun     0\n",
       "CRuns      0\n",
       "CRBI       0\n",
       "CWalks     0\n",
       "PutOuts    0\n",
       "Assists    0\n",
       "Errors     0\n",
       "Salary     0\n",
       "dtype: int64"
      ]
     },
     "execution_count": 10,
     "metadata": {},
     "output_type": "execute_result"
    }
   ],
   "source": [
    "df.isnull().sum()"
   ]
  },
  {
   "cell_type": "code",
   "execution_count": 11,
   "metadata": {},
   "outputs": [
    {
     "data": {
      "text/html": [
       "<div>\n",
       "<style scoped>\n",
       "    .dataframe tbody tr th:only-of-type {\n",
       "        vertical-align: middle;\n",
       "    }\n",
       "\n",
       "    .dataframe tbody tr th {\n",
       "        vertical-align: top;\n",
       "    }\n",
       "\n",
       "    .dataframe thead th {\n",
       "        text-align: right;\n",
       "    }\n",
       "</style>\n",
       "<table border=\"1\" class=\"dataframe\">\n",
       "  <thead>\n",
       "    <tr style=\"text-align: right;\">\n",
       "      <th></th>\n",
       "      <th>AtBat</th>\n",
       "      <th>Hits</th>\n",
       "      <th>HmRun</th>\n",
       "      <th>Runs</th>\n",
       "      <th>RBI</th>\n",
       "      <th>Walks</th>\n",
       "      <th>Years</th>\n",
       "      <th>CAtBat</th>\n",
       "      <th>CHits</th>\n",
       "      <th>CHmRun</th>\n",
       "      <th>CRuns</th>\n",
       "      <th>CRBI</th>\n",
       "      <th>CWalks</th>\n",
       "      <th>PutOuts</th>\n",
       "      <th>Assists</th>\n",
       "      <th>Errors</th>\n",
       "      <th>Salary</th>\n",
       "    </tr>\n",
       "  </thead>\n",
       "  <tbody>\n",
       "    <tr>\n",
       "      <td>1</td>\n",
       "      <td>315</td>\n",
       "      <td>81</td>\n",
       "      <td>7</td>\n",
       "      <td>24</td>\n",
       "      <td>38</td>\n",
       "      <td>39</td>\n",
       "      <td>14</td>\n",
       "      <td>3449</td>\n",
       "      <td>835</td>\n",
       "      <td>69</td>\n",
       "      <td>321</td>\n",
       "      <td>414</td>\n",
       "      <td>375</td>\n",
       "      <td>632</td>\n",
       "      <td>43</td>\n",
       "      <td>10</td>\n",
       "      <td>475.0</td>\n",
       "    </tr>\n",
       "    <tr>\n",
       "      <td>2</td>\n",
       "      <td>479</td>\n",
       "      <td>130</td>\n",
       "      <td>18</td>\n",
       "      <td>66</td>\n",
       "      <td>72</td>\n",
       "      <td>76</td>\n",
       "      <td>3</td>\n",
       "      <td>1624</td>\n",
       "      <td>457</td>\n",
       "      <td>63</td>\n",
       "      <td>224</td>\n",
       "      <td>266</td>\n",
       "      <td>263</td>\n",
       "      <td>880</td>\n",
       "      <td>82</td>\n",
       "      <td>14</td>\n",
       "      <td>480.0</td>\n",
       "    </tr>\n",
       "    <tr>\n",
       "      <td>3</td>\n",
       "      <td>496</td>\n",
       "      <td>141</td>\n",
       "      <td>20</td>\n",
       "      <td>65</td>\n",
       "      <td>78</td>\n",
       "      <td>37</td>\n",
       "      <td>11</td>\n",
       "      <td>5628</td>\n",
       "      <td>1575</td>\n",
       "      <td>225</td>\n",
       "      <td>828</td>\n",
       "      <td>838</td>\n",
       "      <td>354</td>\n",
       "      <td>200</td>\n",
       "      <td>11</td>\n",
       "      <td>3</td>\n",
       "      <td>500.0</td>\n",
       "    </tr>\n",
       "    <tr>\n",
       "      <td>4</td>\n",
       "      <td>321</td>\n",
       "      <td>87</td>\n",
       "      <td>10</td>\n",
       "      <td>39</td>\n",
       "      <td>42</td>\n",
       "      <td>30</td>\n",
       "      <td>2</td>\n",
       "      <td>396</td>\n",
       "      <td>101</td>\n",
       "      <td>12</td>\n",
       "      <td>48</td>\n",
       "      <td>46</td>\n",
       "      <td>33</td>\n",
       "      <td>805</td>\n",
       "      <td>40</td>\n",
       "      <td>4</td>\n",
       "      <td>91.5</td>\n",
       "    </tr>\n",
       "    <tr>\n",
       "      <td>5</td>\n",
       "      <td>594</td>\n",
       "      <td>169</td>\n",
       "      <td>4</td>\n",
       "      <td>74</td>\n",
       "      <td>51</td>\n",
       "      <td>35</td>\n",
       "      <td>11</td>\n",
       "      <td>4408</td>\n",
       "      <td>1133</td>\n",
       "      <td>19</td>\n",
       "      <td>501</td>\n",
       "      <td>336</td>\n",
       "      <td>194</td>\n",
       "      <td>282</td>\n",
       "      <td>421</td>\n",
       "      <td>25</td>\n",
       "      <td>750.0</td>\n",
       "    </tr>\n",
       "  </tbody>\n",
       "</table>\n",
       "</div>"
      ],
      "text/plain": [
       "   AtBat  Hits  HmRun  Runs  RBI  Walks  Years  CAtBat  CHits  CHmRun  CRuns  \\\n",
       "1    315    81      7    24   38     39     14    3449    835      69    321   \n",
       "2    479   130     18    66   72     76      3    1624    457      63    224   \n",
       "3    496   141     20    65   78     37     11    5628   1575     225    828   \n",
       "4    321    87     10    39   42     30      2     396    101      12     48   \n",
       "5    594   169      4    74   51     35     11    4408   1133      19    501   \n",
       "\n",
       "   CRBI  CWalks  PutOuts  Assists  Errors  Salary  \n",
       "1   414     375      632       43      10   475.0  \n",
       "2   266     263      880       82      14   480.0  \n",
       "3   838     354      200       11       3   500.0  \n",
       "4    46      33      805       40       4    91.5  \n",
       "5   336     194      282      421      25   750.0  "
      ]
     },
     "execution_count": 11,
     "metadata": {},
     "output_type": "execute_result"
    }
   ],
   "source": [
    "df.head()"
   ]
  },
  {
   "cell_type": "code",
   "execution_count": 12,
   "metadata": {},
   "outputs": [
    {
     "data": {
      "text/html": [
       "<div>\n",
       "<style scoped>\n",
       "    .dataframe tbody tr th:only-of-type {\n",
       "        vertical-align: middle;\n",
       "    }\n",
       "\n",
       "    .dataframe tbody tr th {\n",
       "        vertical-align: top;\n",
       "    }\n",
       "\n",
       "    .dataframe thead th {\n",
       "        text-align: right;\n",
       "    }\n",
       "</style>\n",
       "<table border=\"1\" class=\"dataframe\">\n",
       "  <thead>\n",
       "    <tr style=\"text-align: right;\">\n",
       "      <th></th>\n",
       "      <th>AtBat</th>\n",
       "      <th>Hits</th>\n",
       "      <th>HmRun</th>\n",
       "      <th>Runs</th>\n",
       "      <th>RBI</th>\n",
       "      <th>Walks</th>\n",
       "      <th>Years</th>\n",
       "      <th>CAtBat</th>\n",
       "      <th>CHits</th>\n",
       "      <th>CHmRun</th>\n",
       "      <th>CRuns</th>\n",
       "      <th>CRBI</th>\n",
       "      <th>CWalks</th>\n",
       "      <th>PutOuts</th>\n",
       "      <th>Assists</th>\n",
       "      <th>Errors</th>\n",
       "      <th>Salary</th>\n",
       "    </tr>\n",
       "  </thead>\n",
       "  <tbody>\n",
       "    <tr>\n",
       "      <td>1</td>\n",
       "      <td>315</td>\n",
       "      <td>81</td>\n",
       "      <td>7</td>\n",
       "      <td>24</td>\n",
       "      <td>38</td>\n",
       "      <td>39</td>\n",
       "      <td>14</td>\n",
       "      <td>3449</td>\n",
       "      <td>835</td>\n",
       "      <td>69</td>\n",
       "      <td>321</td>\n",
       "      <td>414</td>\n",
       "      <td>375</td>\n",
       "      <td>632</td>\n",
       "      <td>43</td>\n",
       "      <td>10</td>\n",
       "      <td>475.0</td>\n",
       "    </tr>\n",
       "    <tr>\n",
       "      <td>2</td>\n",
       "      <td>479</td>\n",
       "      <td>130</td>\n",
       "      <td>18</td>\n",
       "      <td>66</td>\n",
       "      <td>72</td>\n",
       "      <td>76</td>\n",
       "      <td>3</td>\n",
       "      <td>1624</td>\n",
       "      <td>457</td>\n",
       "      <td>63</td>\n",
       "      <td>224</td>\n",
       "      <td>266</td>\n",
       "      <td>263</td>\n",
       "      <td>880</td>\n",
       "      <td>82</td>\n",
       "      <td>14</td>\n",
       "      <td>480.0</td>\n",
       "    </tr>\n",
       "    <tr>\n",
       "      <td>3</td>\n",
       "      <td>496</td>\n",
       "      <td>141</td>\n",
       "      <td>20</td>\n",
       "      <td>65</td>\n",
       "      <td>78</td>\n",
       "      <td>37</td>\n",
       "      <td>11</td>\n",
       "      <td>5628</td>\n",
       "      <td>1575</td>\n",
       "      <td>225</td>\n",
       "      <td>828</td>\n",
       "      <td>838</td>\n",
       "      <td>354</td>\n",
       "      <td>200</td>\n",
       "      <td>11</td>\n",
       "      <td>3</td>\n",
       "      <td>500.0</td>\n",
       "    </tr>\n",
       "    <tr>\n",
       "      <td>4</td>\n",
       "      <td>321</td>\n",
       "      <td>87</td>\n",
       "      <td>10</td>\n",
       "      <td>39</td>\n",
       "      <td>42</td>\n",
       "      <td>30</td>\n",
       "      <td>2</td>\n",
       "      <td>396</td>\n",
       "      <td>101</td>\n",
       "      <td>12</td>\n",
       "      <td>48</td>\n",
       "      <td>46</td>\n",
       "      <td>33</td>\n",
       "      <td>805</td>\n",
       "      <td>40</td>\n",
       "      <td>4</td>\n",
       "      <td>91.5</td>\n",
       "    </tr>\n",
       "    <tr>\n",
       "      <td>5</td>\n",
       "      <td>594</td>\n",
       "      <td>169</td>\n",
       "      <td>4</td>\n",
       "      <td>74</td>\n",
       "      <td>51</td>\n",
       "      <td>35</td>\n",
       "      <td>11</td>\n",
       "      <td>4408</td>\n",
       "      <td>1133</td>\n",
       "      <td>19</td>\n",
       "      <td>501</td>\n",
       "      <td>336</td>\n",
       "      <td>194</td>\n",
       "      <td>282</td>\n",
       "      <td>421</td>\n",
       "      <td>25</td>\n",
       "      <td>750.0</td>\n",
       "    </tr>\n",
       "  </tbody>\n",
       "</table>\n",
       "</div>"
      ],
      "text/plain": [
       "   AtBat  Hits  HmRun  Runs  RBI  Walks  Years  CAtBat  CHits  CHmRun  CRuns  \\\n",
       "1    315    81      7    24   38     39     14    3449    835      69    321   \n",
       "2    479   130     18    66   72     76      3    1624    457      63    224   \n",
       "3    496   141     20    65   78     37     11    5628   1575     225    828   \n",
       "4    321    87     10    39   42     30      2     396    101      12     48   \n",
       "5    594   169      4    74   51     35     11    4408   1133      19    501   \n",
       "\n",
       "   CRBI  CWalks  PutOuts  Assists  Errors  Salary  \n",
       "1   414     375      632       43      10   475.0  \n",
       "2   266     263      880       82      14   480.0  \n",
       "3   838     354      200       11       3   500.0  \n",
       "4    46      33      805       40       4    91.5  \n",
       "5   336     194      282      421      25   750.0  "
      ]
     },
     "execution_count": 12,
     "metadata": {},
     "output_type": "execute_result"
    }
   ],
   "source": [
    "df.head()"
   ]
  },
  {
   "cell_type": "code",
   "execution_count": 13,
   "metadata": {},
   "outputs": [],
   "source": [
    "models = []\n",
    "\n",
    "models.append(('KNN', KNeighborsRegressor()))\n",
    "models.append(('SVR', SVR()))\n",
    "models.append(('CART', DecisionTreeRegressor()))\n",
    "models.append(('RandomForests', RandomForestRegressor()))\n",
    "models.append(('GradientBoosting', GradientBoostingRegressor()))\n",
    "models.append(('XGBoost', XGBRegressor()))\n",
    "models.append(('Light GBM', LGBMRegressor()))"
   ]
  },
  {
   "cell_type": "code",
   "execution_count": 14,
   "metadata": {},
   "outputs": [
    {
     "name": "stdout",
     "output_type": "stream",
     "text": [
      "KNN 404.7724696402799\n",
      "-------------\n",
      "SVR 423.78981162543784\n",
      "-------------\n",
      "CART 488.44974348737946\n",
      "-------------\n",
      "RandomForests 306.47772749032373\n",
      "-------------\n",
      "GradientBoosting 303.38281918136846\n",
      "-------------\n",
      "XGBoost 297.42613210863027\n",
      "-------------\n",
      "Light GBM 351.67191671024233\n",
      "-------------\n"
     ]
    }
   ],
   "source": [
    "X = df.drop(\"Salary\",axis=1)\n",
    "y = df[\"Salary\"]\n",
    "\n",
    "X_train, X_test, y_train, y_test = train_test_split(X,y,test_size=0.2,random_state=42)\n",
    "\n",
    "for name,model in models:\n",
    "    mod = model.fit(X_train,y_train)\n",
    "    y_pred = mod.predict(X_test)\n",
